25
41
53
55
60
83
85
108
110
150
153
176
194
307
318
335
341
384
385
423
446
496
516
521
530
540
545
549
590
593
645
649
653
682
698
707
708
801
812
813
825
827
849
856
857
917
919
930
937
938
941
945
950
957
965
968
980
981
983
987
989
993
994
995
996
999
1000
1002
1018
1038
1053
1069
1087
1088
1090
1094
1107
1121
1137
1152
1166
1167
1208
1216
1220
1239
1240
1241
1250
1256
1268
1274
1276
1293
1335
1358
1375
1384
1394
1407
1408
1414
1423
1431
24
26
30
32
37
38
64
74
94
99
104
126
131
132
136
158
162
168
170
300
302
304
308
309
316
317
320
333
344
375
386
435
456
466
468
484
499
501
509
548
560
574
613
629
630
631
633
635
712
731
737
767
776
779
783
787
843
862
873
888
895
896
900
1083
1187