300
126
99
83
158
15
131
94
25
104
304
162
150
302
74
38
194
153
133
176
108
41
55
64
110
32
24
26
30
60
53
132
10
37
85
170
907
945
1094
983
1069
1208
1239
1090
1268
1197
917
930
856
968
919
938
980
1379
1423
1407
1367
1408
731
1276
1256
1274
1166
1431
1137
1262
1727
1736
999
1708
996
857
993
995
1528
957
941
965
801
987
1486
981
862
888
1220
1693
896
1121
1500
1474
1525
1483
1507
1508
1715
1576
1729
1521
1710
1725
1672
1600
1643
1641
1662
1611
1682
1599
1571
1053
1549
994
1670
466
900
1624
1633
1733
1088
1124
1644
767
1101
1107
1065
1087
1577
1665
1597
1615
1719
1678
1546
1675
1686
1740
1741
1722
873
1002
1018
783
590
1730
456
593
549
698
630
545
446
521
501
812
707
813
708
787
344
1250
682
317
827
318
843
822
849
1000
895
1584
1590
1468
649
645
653
540
1349
1344
1358
1342
1359
509
712
560
423
516
496
320
424
386
530
333
779
339
375
1241
629
776
635
548
385
631
484
499
468
633
335
673
574
613
435
308
341
384
1167
1335
950
989
1307
1414
1394
1364
1384
1375
1293
1463
1152
1187
1083
1240
