300
26
41
32
24
30
110
108
55
64
176
133
153
10
302
304
131
25
132
15
38
74
37
94
194
150
162
170
104
53
60
85
83
158
99
126
548
468
484
613
629
339
516
540
731
1241
545
549
653
707
712
375
631
560
633
635
496
499
423
574
1394
1407
1384
1364
1414
1167
1197
1379
1431
1335
1670
1408
1423
1525
1239
1208
1268
1342
1359
1375
1256
1220
1274
1240
1349
1358
1121
1733
308
341
384
1344
1521
333
779
776
682
813
501
521
849
843
698
827
812
822
1307
1152
1187
317
593
320
530
386
424
446
344
1000
630
318
1250
590
787
895
335
385
649
1293
1276
645
435
456
1367
1137
1262
1740
708
783
950
989
1166
1463
1730
996
1002
1722
1741
509
873
1675
900
1018
993
999
1693
981
987
919
938
980
917
856
930
968
907
945
941
965
801
862
1474
1483
1508
1069
983
994
1507
1500
1528
957
1725
1486
673
1468
1576
1682
1715
1633
1600
1641
1611
1662
1107
1090
1088
767
1065
1087
1124
1101
1083
1094
1546
1643
1672
1590
1708
857
1727
1686
1736
1719
1729
466
888
896
1053
1549
995
1710
1624
1599
1615
1571
1678
1597
1644
1584
1577
1665
