827
631
767
386
1155
155
987
549
698
1220
1274
888
989
1031
1152
38
930
574
919
75
862
119
308
83
1090
635
1239
484
1137
590
162
1018
1240
999
1500
60
110
1359
589
10
15
230
376
1367
166
302
721
384
104
335
1310
653
1528
133
849
1394
84
1000
1474
1121
1128
423
435
1529
1583
629
1208
673
1101
843
1006
1584
366
108
485
983
153
1072
184
1468
468
613
1293
158
1256
300
1349
131
995
964
25
1507
64
1379
424
1344
1187
37
344
24
645
1332
186
1483
352
796
1103
700
957
499
1241
1342
126
I
1109
446
1525
132
965
176
996
626
1335
456
1023
509
856
1167
830
1357
801
150
1505
1571
1002
496
1599
1010
53
783
1375
26
341
1276
1266
593
1446
1087
1030
1250
94
917
1423
627
32
1053
1380
575
857
941
98
99
1065
1384
318
1431
304
1088
633
1600
333
895
1512
787
1073
812
320
1521
170
1124
194
540
968
1364
980
530
1069
30
776
765
938
708
1283
85
981
707
900
41
516
1408
1576
501
649
873
1268
74
813
993
385
1107
